triangle
133,155
133,0
265,233
0,233
bullet
9,9
16,17
16,2
2,2
3,17
basewall
30,30
0,0
60,0
60,60
0,60
treeborderb
1735,262
0,74
2220,0
3330,80
3420,263
3420,378
3286,488
2080,500
709,500
0,380
treebordert
1768,145
0,0
3600,0
3600,233
2990,282
834,318
0,253
treeborderl
124,1478
0,0
298,21
298,223
181,3216
0,3218
destroyedcabin
366,197
4,2
727,2
727,392
4,392
burnedremains
303,157
1,1
605,1
605,313
1,313
tree
123,146
131,15
272,156
212,243
13,244
13,68
bonzaienemy
139,115
0,200
0,30
278,30
278,200
assassinenemy
139,115
0,200
0,30
278,30
278,200
player
65,65
69,8
110,54
79,115
38,115
27,76
35,38
end